0,1,2,3,4,5,6,7,8,9,10,11,12,13,14,15,16,17,18,19,20,21,22,23,24,25,26,27,28,29,30,31,32,33,34,35,36,37,38,39,40,41,42,43,44,45,46,47,48,49,50,51,52,53,54,55,56,57,58,59,60,61,62,63,64,65,66,67,68,69,70,71,72,73,74,75,76,77,78,79,80,81,82,83,84,85,86,87,88,89,90,91,92,93,94,95,96,97,98,99,100,101,102,103,104,105,106,107,108,109,110,111,112,113,114,115,116,117,118,119,120,121,122,123,124,125,126,127,128,129,130,131,132,133,134,135,136,137,138,139,140,141,142,143
0,52.73,14.267,52.73,30.914,49.182,66.329,51.234,42.634,53.86,67.016,74.673,71.152,70.103,72.557,44.694,66.635,72.967,67.208,76.513,35.064,33.257,68.968,66.168,67.851,40.648,64.134,76.853,80.51,53.995,36.564,63.77,61.522,67.652,64.067,84.968,72.279,70.378,58.663,63.393,49.292,53.306,70.92,63.246,146.77,152.666,155.245,104.566,92.822,86.476,86.58,86.476,79.999,84.238,93.156,83.881,84.769,82.467,80.979,81.895,93.302,37.045,66.525,79.319,46.372,78.81,85.454,68.936,79.711,60.023,60.989,71.769,64.046,69.211,27.475,63.773,39.718,50.576,99.716,90.555,72.889,75.523,78.172,74.096,74.673,72.512,99.314,74.883,39.093,148.573,148.573,81.114,79.615,102.198,93.092,84.915,62.179,149.088,61.741,57.745,81.052,77.652,68.258,119.371,138.328,134.611,144.082,55.778,38.553,42.226,48.367,52.675,65.244,67.36,28.195,26.427,64.835,71.884,56.977,51.659,90.395,52.887,157.64,92.102,54.853,56.909,82.351,64.849,135.58,61.001,49.671,58.631,68.287,116.697,64.26,55.905,63.314,69.402,91.679,87.502,77.029,67.615,51.659,99.035
52.73,0,56.312,0,24.153,10.74,15.045,2.419,11.782,8.523,14.828,22.144,18.543,17.796,20.061,13.914,25.281,20.267,16.708,24.642,18.096,21.051,19.274,15.374,17.553,14.32,16.062,24.146,29.137,2.629,21.56,12.35,10.586,15.309,21.283,32.257,33.118,30.95,12.589,21.986,15.058,8.34,18.855,10.613,97.617,103.415,106.103,53.418,42.202,35.48,36.052,35.48,32.81,35.414,42.766,35.733,35.061,33.135,35.67,35.408,42.381,16.539,21.818,39.591,20.123,40.37,32.771,26.467,27.448,7.557,8.328,19.253,20.964,29.013,33.513,11.12,16.96,8.323,54.546,47.802,20.549,22.864,25.513,22.009,22.144,21.654,54.793,22.855,36.59,98.236,98.236,28.571,27.409,55.245,50.108,37.527,45.015,98.933,15.437,22.451,42.122,38.121,28.848,75.488,88.943,86.168,95.352,10.76,16.266,23.581,28.019,7.28,14.359,17.858,32.789,32.818,13.244,21.145,7.653,8.657,37.879,9.944,108.015,40.497,10.907,8.4,29.623,23.948,87.617,21.588,7.834,7.247,29.235,64.159,21.753,6.33,10.993,27.547,49.497,36.074,26.521,23.912,8.657,51.731
14.267,56.312,0,56.312,32.287,50.177,68.066,55.346,44.91,55.247,69.321,77.097,73.819,72.391,74.992,45.401,64.839,75.831,68.488,80.917,38.295,35.305,69.759,67.663,73.012,42.516,69.938,80.117,85.295,56.959,36.49,68.319,66.224,70.074,63.002,88.114,69.246,67.611,59.321,62.017,49.028,58.89,75.145,66.209,153.185,159.045,161.691,109.615,98.161,91.544,91.923,91.544,86.637,90.354,98.631,90.258,90.507,88.341,88.238,88.811,98.459,39.775,73.4,75.865,44.82,75.01,88.724,76.502,83.753,62.924,64.085,75.518,71.179,77.326,24.67,67.36,40.652,56.222,97.037,87.387,75.114,78.194,80.783,76.018,77.097,77.51,96.399,76.721,50.984,154.29,154.29,84.763,83.719,100.173,89.881,83.766,54.553,154.925,67.903,55.599,77.233,74.264,76.498,115.594,144.589,141.335,150.706,56.656,40.401,40.001,44.35,58.041,66.849,72.82,38.919,36.909,66.841,76.932,58.852,53.038,94.041,53.891,163.82,96.767,55.64,58.552,85.361,72.547,142.529,59.413,55.162,63.04,76.607,120.181,71.545,60.709,65.912,67.452,88.261,92.287,82.273,66.414,53.038,97.27
52.73,0,56.312,0,24.153,10.74,15.045,2.419,11.782,8.523,14.828,22.144,18.543,17.796,20.061,13.914,25.281,20.267,16.708,24.642,18.096,21.051,19.274,15.374,17.553,14.32,16.062,24.146,29.137,2.629,21.56,12.35,10.586,15.309,21.283,32.257,33.118,30.95,12.589,21.986,15.058,8.34,18.855,10.613,97.617,103.415,106.103,53.418,42.202,35.48,36.052,35.48,32.81,35.414,42.766,35.733,35.061,33.135,35.67,35.408,42.381,16.539,21.818,39.591,20.123,40.37,32.771,26.467,27.448,7.557,8.328,19.253,20.964,29.013,33.513,11.12,16.96,8.323,54.546,47.802,20.549,22.864,25.513,22.009,22.144,21.654,54.793,22.855,36.59,98.236,98.236,28.571,27.409,55.245,50.108,37.527,45.015,98.933,15.437,22.451,42.122,38.121,28.848,75.488,88.943,86.168,95.352,10.76,16.266,23.581,28.019,7.28,14.359,17.858,32.789,32.818,13.244,21.145,7.653,8.657,37.879,9.944,108.015,40.497,10.907,8.4,29.623,23.948,87.617,21.588,7.834,7.247,29.235,64.159,21.753,6.33,10.993,27.547,49.497,36.074,26.521,23.912,8.657,51.731
30.914,24.153,32.287,24.153,0,18.408,36.047,23.427,12.623,23.297,37.128,44.902,41.57,40.213,42.789,13.806,36.012,43.562,36.684,48.794,6.863,3.16,38.256,35.747,41.308,10.256,38.758,47.83,53.274,24.679,6.107,36.366,34.38,37.857,33.239,55.836,42.219,40.189,27.857,32.656,18.418,27.938,43.005,33.923,121.615,127.437,130.113,77.569,66.288,59.594,60.096,59.594,55.779,59.013,66.818,59.116,58.912,56.858,57.96,58.17,66.505,7.717,43.145,49.406,16.234,49.164,56.439,46.96,51.531,30.638,31.8,43.272,41.321,48.508,10.167,35.116,8.83,25.492,69.162,60.305,42.963,45.955,48.56,43.967,44.902,45.654,68.863,44.704,35.028,122.371,122.371,52.487,51.509,71.423,62.839,54.026,38.832,123.055,37.112,27.491,51.372,47.724,47.908,89.231,112.962,110.009,119.273,25.018,8.126,13.299,20.885,26.929,34.879,41.31,23.944,22.436,34.719,45.107,26.727,21.073,61.758,22.149,132.091,64.647,24.059,26.512,53.091,43.365,111.36,30.374,24.34,31.104,48.136,87.9,41.86,29.053,33.653,38.806,61.56,60.225,50.488,36.795,21.073,68.21
49.182,10.74,50.177,10.74,18.408,0,17.909,11.995,7.316,5.126,19.389,27.099,24.036,22.39,25.031,4.781,19.671,26.154,18.344,32.944,14.816,15.929,19.848,17.487,27.382,8.663,26.597,30.681,37.683,9.371,13.717,21.989,20.685,20.204,16.151,38.399,27.061,24.854,9.481,16.076,4.39,18.619,27.3,17.101,106.196,111.915,114.631,61.449,50.824,44.062,44.904,44.062,42.935,45.025,51.504,45.542,44.348,42.636,46.055,45.608,50.811,12.614,32.523,34.158,9.447,34.45,39.093,37.201,35.088,14.036,15.39,26.877,31.702,39.745,25.921,19.147,9.619,17.679,52.165,44.044,25.048,28.322,30.836,25.861,27.099,30.939,52.074,26.551,41.956,106.264,106.264,35.582,35.14,53.9,46.522,36.203,34.661,107.051,26.159,13.651,36.482,32.529,39.561,72.77,97.493,95.098,104.108,6.611,10.674,13.395,17.28,17.457,16.677,27.968,35.005,34.39,16.787,30.528,8.951,3.029,44.629,3.746,116.327,48.448,5.671,8.484,35.594,34.658,96.692,14.517,16.753,17.494,39.94,70.368,32.486,17.067,16.363,22.398,45.519,44.313,35.751,19.595,3.029,50.563
66.329,15.045,68.066,15.045,36.047,17.909,0,17.309,23.718,12.819,2.887,9.395,7.029,4.883,7.471,22.69,16.529,9.185,2.269,18.102,31.277,33.298,5.043,1.18,17.326,25.854,19.852,13.817,22.737,12.945,31.626,13.511,14.372,3.7,13.357,20.874,23.354,21.587,9.542,14.869,19.889,20.45,13.798,6.258,89.809,95.412,98.146,44.869,35.251,28.729,29.977,28.729,31.409,31.719,36.085,32.751,30.313,29.225,35.425,34.163,34.961,29.288,26.083,28.32,25.245,29.628,21.649,30.79,19.043,7.835,7.826,12.006,26.87,34.088,43.804,8.908,27.426,21.951,40.173,34.449,7.257,10.813,13.143,7.953,9.395,18.456,40.589,8.662,51.038,89.324,89.324,18.809,19.207,40.457,36.553,22.99,43.039,90.187,21.453,19.859,30.902,27.17,34.45,61.074,81.121,79.239,87.95,11.663,27.99,30.101,30.84,19.967,1.314,18.742,47.833,47.831,1.862,18.381,9.363,15.031,27.313,14.246,99.61,32.078,12.705,9.538,18.057,30.191,81.039,16.408,21.959,13.83,34.94,52.587,27.748,16.469,4.789,17.569,36.261,28.463,22.373,13.822,15.031,36.917
51.234,2.419,55.346,2.419,23.427,11.995,17.309,0,11.538,10.573,16.904,24.008,20.374,19.797,21.957,14.494,27.606,21.983,19.039,25.604,17.052,20.28,21.639,17.691,17.892,14.052,15.764,25.649,29.949,5.022,21.43,12.98,10.953,17.322,23.613,33.76,35.443,33.267,14.92,24.271,16.383,6.627,19.869,12.509,98.188,104.009,106.685,54.27,42.886,36.222,36.679,36.222,32.752,35.677,43.402,35.876,35.496,33.474,35.372,35.277,43.138,15.719,21.103,41.964,21.133,42.719,34.227,25.591,28.598,9.647,10.235,20.544,19.972,27.946,33.086,12.565,16.893,6.102,56.946,50.221,22.514,24.623,27.262,24.046,24.008,22.236,57.201,24.903,34.174,99.002,99.002,29.892,28.531,57.604,52.527,39.908,46.586,99.668,14.718,24.403,44.489,40.485,27.693,77.889,89.534,86.612,95.856,12.941,15.832,24.204,29.171,5.472,16.678,17.979,30.578,30.676,15.484,21.683,10.05,10.351,39.189,11.811,108.673,41.435,12.988,10.769,31.19,22.794,87.997,23.766,5.495,7.701,28.055,65.495,20.715,5.802,13.078,29.908,51.915,36.941,27.062,26.296,10.351,54.084
42.634,11.782,44.91,11.782,12.623,7.316,23.718,11.538,0,11.322,24.603,32.361,28.982,27.696,30.242,5.078,26.937,30.954,24.582,36.321,7.704,9.673,26.444,23.535,29.274,2.541,27.295,35.207,40.877,12.07,9.892,24.128,22.293,25.306,23.465,43.218,34.197,32.005,16.427,23.349,9.914,17.251,30.531,21.3,109.396,115.19,117.881,65.112,53.969,47.236,47.831,47.236,44.289,47.122,54.542,47.374,46.829,44.874,46.877,46.813,54.127,5.6,32.422,41.345,12.135,41.553,43.818,36.714,38.966,18.015,19.182,30.691,31.025,38.784,21.733,22.549,5.386,15.357,59.465,51.351,30.465,33.373,35.99,31.558,32.361,33.435,59.386,32.323,35.495,109.958,109.958,39.875,38.954,61.128,53.833,43.378,38.704,110.669,26.099,20.203,43.624,39.701,38.387,80.086,100.72,97.944,107.133,13.492,4.537,13.654,20.079,16.102,22.614,29.466,27.82,27.132,22.283,32.922,14.355,9.188,49.138,10.647,119.776,52.151,12.694,14.277,40.48,33.567,99.38,21.652,14.215,18.958,38.698,75.279,31.695,17.339,21.061,29.682,52.815,47.779,38.301,26.909,9.188,57.766
53.86,8.523,55.247,8.523,23.297,5.126,12.819,10.573,11.322,0,14.267,21.974,18.924,17.264,19.905,9.893,17.477,21.052,13.393,28.12,19.024,20.649,15.131,12.457,23.222,13.218,23.08,25.603,32.885,6.226,18.825,17.857,16.89,15.088,13.573,33.281,25.253,23.046,5.334,13.989,8.099,16.859,22.577,12.211,101.279,106.978,109.698,56.468,45.988,39.241,40.154,39.241,38.806,40.567,46.697,41.188,39.751,38.139,42.148,41.524,45.929,16.909,29.299,32.046,13.691,32.622,33.981,34.106,30.118,9.342,10.72,21.972,28.84,36.888,31.045,14.514,14.613,16.674,48.737,41.152,19.928,23.199,25.71,20.772,21.974,26.45,48.779,21.477,43.535,101.247,101.247,30.528,30.185,50.104,43.567,32.287,36.825,102.048,23.098,13.936,34.504,30.494,36.836,69.543,92.575,90.277,99.233,2.595,15.331,18.128,20.841,15.802,11.611,23.988,37.867,37.484,11.662,26.087,3.904,2.225,39.532,1.868,111.352,43.478,2.419,3.36,30.474,31.978,91.912,13.237,16.003,13.977,37.251,65.242,29.674,14.351,11.339,19.983,42.737,39.411,31.189,16.664,2.225,46.692
67.016,14.828,69.321,14.828,37.128,19.389,2.887,16.904,24.603,14.267,0,7.777,4.702,3.095,5.672,24.132,19.401,6.874,4.929,15.338,31.975,34.266,7.437,4.065,14.556,26.874,17.343,11.514,20.024,13.099,33.038,11.083,12.23,0.903,16.241,19.017,26.118,24.395,11.808,17.746,21.817,19.139,10.912,4.659,87.522,93.16,95.89,42.594,32.703,26.11,27.301,26.11,28.523,28.891,33.511,29.899,27.536,26.396,32.539,31.277,32.469,30.083,23.463,30.867,27.297,32.242,19.728,28.112,16.509,7.276,6.762,9.175,24.39,31.437,45.289,6.673,28.693,20.919,41.688,36.463,5.876,8.934,11.474,7.188,7.777,15.569,42.203,8.029,49.959,87.211,87.211,16.51,16.646,41.634,38.482,24.519,45.866,88.048,19.133,22.577,33.439,29.774,31.84,62.498,78.825,76.82,85.604,13.547,29.01,32.057,33.251,18.803,3.945,16.011,47.456,47.579,2.739,15.496,10.494,16.403,25.318,15.878,97.424,29.707,14.573,10.906,16.208,27.691,78.58,19.23,21.075,12.243,32.334,50.991,25.261,15.119,3.835,20.369,38.303,25.945,19.517,16.657,16.403,38.081
74.673,22.144,77.097,22.144,44.902,27.099,9.395,24.008,32.361,21.974,7.777,0,3.647,4.713,2.121,31.862,23.255,2.79,9.942,11.407,39.672,42.03,10.621,10.157,15.548,34.648,19.769,5.321,15.284,20.68,40.783,14.698,16.66,7.055,21.051,11.484,28.499,27.224,18.921,22.661,29.276,24.951,10.078,11.533,80.613,86.176,88.913,35.707,26.719,20.559,22.049,20.559,25.891,24.883,27.63,26.221,23.027,22.483,30.216,28.486,26.267,37.814,24.796,31.682,34.639,33.381,12.274,28.824,10.889,14.673,13.82,7.46,26.466,32.216,53.018,11.919,36.462,27.134,38.271,34.794,2.17,1.664,3.753,2.81,0,14.128,39.066,3.148,55.637,79.984,79.984,9.938,11.154,37.3,36.453,21.777,50.93,80.863,22.256,28.542,34.109,30.941,32.874,58.55,71.941,70.243,78.829,21.028,36.783,39.495,40.039,24.883,10.705,17.171,54.244,54.516,10.312,14.394,18.255,24.138,17.956,23.518,90.315,23.128,22.068,18.621,8.67,29.507,72.118,24.699,27.505,17.989,33.38,43.274,27.259,21.071,11.362,23.331,36.685,19.93,16.398,20.206,24.138,33.785
71.152,18.543,73.819,18.543,41.57,24.036,7.029,20.374,28.982,18.924,4.702,3.647,0,2.302,1.768,28.757,22.645,2.183,8.308,11.37,36.2,38.654,9.903,8.046,13.155,31.316,16.97,6.836,15.859,17.166,37.636,11.443,13.265,3.843,19.927,14.37,28.662,27.16,16.436,21.502,26.518,21.381,8.207,7.932,82.863,88.489,91.22,37.927,28.225,21.734,23.028,21.734,25.353,25.102,29.066,26.259,23.535,22.626,29.553,28.053,27.932,34.381,22.456,32.592,31.993,34.157,15.057,26.768,12.021,11.129,10.215,5.808,23.874,30.16,49.9,8.313,33.244,23.521,40.943,36.782,2.762,4.393,7.028,4.676,3.647,12.767,41.639,5.484,52.14,82.513,82.513,11.839,12.194,40.286,38.593,24.086,49.82,83.352,19.277,26.844,35.101,31.687,30.722,61.451,74.169,72.228,80.97,18.248,33.444,36.759,37.836,21.28,8.306,14.762,50.602,50.869,7.427,12.875,15.102,21.033,20.624,20.564,92.737,25.079,19.274,15.566,11.576,27.035,74.017,23.261,23.874,14.396,31.226,46.404,24.702,17.47,7.921,23.158,38.662,21.434,15.997,19.699,21.033,36.747
70.103,17.796,72.391,17.796,40.213,22.39,4.883,19.797,27.696,17.264,3.095,4.713,2.302,0,2.651,27.15,20.364,4.354,6.012,13.668,35.066,37.359,7.659,5.826,14.803,29.962,18.269,8.947,18.157,16.156,36.07,12.359,13.915,2.487,17.625,16.091,26.491,24.948,14.403,19.202,24.648,21.52,10.217,7.324,84.926,90.531,93.264,39.986,30.451,23.997,25.312,23.997,27.564,27.397,31.303,28.541,25.837,24.918,31.732,30.277,30.128,33.178,24.032,30.621,30.063,32.138,16.838,28.479,14.264,10.245,9.568,7.963,25.273,31.858,48.307,8.544,31.751,23.475,39.89,35.28,2.787,5.988,8.446,4.271,4.713,14.856,40.506,5.14,52.375,84.466,84.466,13.931,14.449,39.517,37.175,22.85,47.522,85.323,20.384,24.597,33.151,29.664,32.366,60.558,76.238,74.371,83.069,16.382,32.098,34.883,35.721,21.293,6.189,16.373,50.276,50.45,5.607,14.915,13.544,19.426,22.479,18.825,94.737,27.205,17.419,13.909,13.272,28.5,76.182,20.977,23.718,14.524,32.868,47.978,26.121,17.526,6.836,20.935,37.149,23.651,18.252,17.435,19.426,35.965
72.557,20.061,74.992,20.061,42.789,25.031,7.471,21.957,30.242,19.905,5.672,2.121,1.768,2.651,0,29.786,22.186,2.35,8.296,11.913,37.552,39.912,9.409,8.329,14.679,32.534,18.628,6.536,16.16,18.566,38.7,13.195,15.032,4.936,19.718,13.442,27.861,26.456,17.012,21.317,27.293,23.127,9.497,9.459,82.37,87.96,90.695,37.437,28.111,21.772,23.168,21.772,26.197,25.609,28.99,26.851,23.903,23.16,30.458,28.857,27.735,35.694,23.985,31.487,32.696,33.107,14.196,28.209,12.02,12.569,11.745,6.954,25.483,31.605,50.944,10.05,34.364,25.241,39.273,35.299,1.131,3.347,5.807,2.998,2.121,13.899,39.993,3.763,53.901,81.853,81.853,11.448,12.239,38.553,37.065,22.495,49.648,82.717,20.983,26.964,33.967,30.646,32.199,59.736,73.688,71.885,80.54,19.029,34.668,37.525,38.262,23.008,8.784,16.296,52.274,52.517,8.255,14.071,16.162,22.059,19.848,21.474,92.143,24.723,20.067,16.548,10.624,28.611,73.722,23.23,25.574,16.134,32.705,45.337,26.301,19.202,9.244,22.494,37.184,21.305,16.744,19.179,22.059,35.017
44.694,13.914,45.401,13.914,13.806,4.781,22.69,14.494,5.078,9.893,24.132,31.862,28.757,27.15,29.786,0,22.953,30.859,23.099,37.352,11.175,11.558,24.518,22.263,31.26,4.984,29.97,35.351,42.054,13.213,8.936,25.913,24.383,24.937,19.802,43.127,29.87,27.715,14.081,19.435,5.25,20.855,31.64,21.637,110.64,116.38,119.09,65.984,55.209,48.443,49.214,48.443,46.678,49.058,55.86,49.479,48.513,46.713,49.585,49.298,55.244,8.98,35.571,37.074,7.202,37.144,43.808,40.085,39.633,18.474,19.794,31.379,34.458,42.397,21.158,23.478,4.978,19.357,55.923,47.45,29.82,33.065,35.593,30.642,31.862,35.061,55.736,31.332,40.506,110.829,110.829,40.219,39.67,57.916,49.961,40.363,33.738,111.599,29.175,15.498,39.266,35.409,42.099,76.323,101.94,99.437,108.502,11.299,6.588,9.714,15.291,19.674,21.458,31.695,32.378,31.534,21.552,34.611,13.655,7.729,49.317,8.493,120.837,52.977,10.308,13.241,40.327,37.215,100.984,17.448,18.283,21.08,42.443,75.122,35.189,20.105,21.008,25.745,48.835,48.775,39.912,23.341,7.729,54.641
66.635,25.281,64.839,25.281,36.012,19.671,16.529,27.606,26.937,17.477,19.401,23.255,22.645,20.364,22.186,22.953,0,24.463,14.564,34.001,34.091,34.287,12.785,15.35,33.763,27.834,35.773,28.549,38.346,22.663,30.112,29.454,29.74,20.147,4,33.48,7.838,5.679,12.691,3.597,17.795,33.163,30.257,21.805,102.426,107.793,110.531,58.01,49.887,43.815,45.289,43.815,47.833,47.736,50.823,48.904,46.086,45.266,51.911,50.57,49.35,31.877,42.168,14.599,20.334,15.154,34.407,46.977,34.117,21.384,22.249,28.254,42.598,50.189,40.364,24.822,27.613,33.594,33.151,24.498,21.343,24.919,26.264,20.568,23.255,34.936,32.867,20.636,60.992,100.975,100.975,33.114,34.363,35.607,27.008,18.995,27.878,101.983,36.897,9.25,17.032,13.025,50.442,53.379,93.858,92.673,100.911,14.897,29.539,24.904,21.413,32.279,15.716,35.109,54.671,54.057,17.536,34.888,17.728,18.775,39.913,17.031,111.588,46.012,15.193,16.903,30.954,45.928,94.685,5.642,33.097,28.064,50.916,62.175,43.482,29.77,20.117,2.8,25.906,43.134,38.607,3.071,18.775,32.543
72.967,20.267,75.831,20.267,43.562,26.154,9.185,21.983,30.954,21.052,6.874,2.79,2.183,4.354,2.35,30.859,24.463,0,10.336,9.579,38.086,40.619,11.679,10.172,12.783,33.316,16.979,4.653,13.903,19.04,39.718,11.999,14.028,6.003,21.891,12.296,30.208,28.794,18.619,23.48,28.689,22.47,7.387,9.733,80.68,86.306,89.037,35.743,26.097,19.654,20.993,19.654,23.849,23.293,26.949,24.518,21.628,20.837,28.116,26.508,25.782,36.305,22.054,33.806,34.171,35.439,12.952,26.153,9.913,12.996,11.979,4.782,23.689,29.548,51.987,9.59,35.3,24.739,41.036,37.383,3.403,2.681,5.285,5.045,2.79,11.643,41.814,5.65,53.036,80.337,80.337,9.656,10.103,40.09,39.092,24.45,51.815,81.174,19.475,28.95,36.277,32.98,30.181,61.339,71.987,70.057,78.79,20.421,35.437,38.929,40.01,22.469,10.472,14.407,51.951,52.286,9.606,11.851,17.208,23.143,18.48,22.71,90.555,22.902,21.445,17.699,9.53,26.747,71.854,25.31,25.173,15.577,30.687,44.36,24.485,18.663,9.923,24.824,39.271,19.298,14.395,21.473,23.143,36.575
67.208,16.708,68.488,16.708,36.684,18.344,2.269,19.039,24.582,13.393,4.929,9.942,8.308,6.012,8.296,23.099,14.564,10.336,0,19.641,32.232,34.036,2.812,1.384,19.48,26.595,22.106,14.825,24.167,14.446,31.999,15.773,16.637,5.608,11.635,21.335,21.19,19.472,9.333,13.201,19.844,22.529,15.696,8.502,90.555,96.113,98.851,45.647,36.393,29.989,31.32,29.989,33.273,33.347,37.261,34.446,31.832,30.86,37.349,36.013,36.029,30.181,28.314,26.06,25.007,27.383,22.163,33.001,20.243,9.803,9.947,13.723,29.13,36.31,44.063,11.177,27.952,23.923,38.139,32.242,7.781,11.51,13.576,7.933,9.942,20.376,38.515,8.477,52.974,89.87,89.87,19.739,20.439,38.581,34.37,20.985,41.512,90.763,23.722,18.668,28.641,24.922,36.686,59.064,81.883,80.155,88.768,11.839,28.716,29.94,30.112,21.997,2.372,20.923,49.427,49.354,3.973,20.34,10.338,15.616,27.854,14.608,100.232,33.004,12.864,10.308,18.548,32.45,82.007,14.974,23.872,16.013,37.177,52.654,30.008,18.577,6.976,15.444,34.046,29.587,24.101,11.757,15.616,35.055
76.513,24.642,80.917,24.642,48.794,32.944,18.102,25.604,36.321,28.12,15.338,11.407,11.37,13.668,11.913,37.352,34.001,9.579,19.641,0,42.631,45.692,21.228,19.217,9.313,38.834,13.994,6.524,4.778,24.362,45.831,12.75,14.992,14.453,31.276,10.893,39.76,38.37,26.903,32.841,36.164,23.475,5.792,15.911,73.287,79.033,81.741,28.79,17.881,11.123,12.089,11.123,14.506,13.735,18.577,14.939,12.212,11.267,18.856,17.08,17.893,41.169,16.522,43.087,41.76,44.788,10.832,19.446,3.702,18.911,17.568,6.262,18.898,22.686,57.994,13.887,41.249,26.155,48.016,45.639,12.889,9.927,10.281,14.196,11.407,5.031,49.008,14.534,51.715,73.641,73.641,6.149,3.449,46.234,47.112,32.424,61.119,74.365,16.866,37.915,45.504,42.346,23.554,67.478,64.588,62.164,71.167,28.137,40.848,46.24,48.29,23.951,19.271,10.456,52.944,53.641,17.932,5.661,24.242,29.942,14.346,29.941,83.529,15.856,29.089,24.962,9.707,21.286,63.793,34.503,26.952,17.966,24.045,40.348,19.492,20.608,16.953,34.402,47.527,11.464,5.038,31.032,29.942,42.867
35.064,18.096,38.295,18.096,6.863,14.816,31.277,17.052,7.704,19.024,31.975,39.672,36.2,35.066,37.552,11.175,34.091,38.086,32.232,42.631,0,3.865,34.139,31.151,34.811,6.261,32.059,42.162,47.002,19.046,8.534,30.029,27.957,32.63,30.813,50.249,41.038,38.888,24.109,30.546,16.418,21.152,36.87,28.356,115.113,120.95,123.616,71.322,59.91,53.265,53.686,53.265,49.041,52.396,60.404,52.443,52.385,50.285,51.146,51.399,60.182,2.218,36.31,48.246,16.449,48.29,50.797,40.098,45.53,25.092,26.14,37.348,34.462,41.653,17.023,29.208,7.193,18.663,66.922,58.586,37.85,40.588,43.228,39.034,39.672,39.251,66.786,39.82,31.052,116.036,116.036,46.659,45.482,68.716,61.091,51.007,41.885,116.691,30.328,26.553,50.423,46.579,41.063,87.425,106.479,103.423,112.722,21.175,4.706,15.53,23.142,20.173,30.212,34.724,21.592,20.567,29.771,38.683,21.942,16.888,55.965,18.31,125.657,58.476,20.349,21.925,47.563,36.504,104.732,28.618,17.518,24.749,41.297,82.227,34.998,22.505,28.313,36.875,59.99,53.992,44.046,34.316,16.888,65.377
33.257,21.051,35.305,21.051,3.16,15.929,33.298,20.28,9.673,20.649,34.266,42.03,38.654,37.359,39.912,11.558,34.287,40.619,34.036,45.692,3.865,0,35.722,33.051,38.154,7.448,35.6,44.84,50.153,21.665,5.752,33.23,31.233,34.976,31.302,52.872,40.822,38.735,25.409,30.84,16.511,24.798,39.906,30.944,118.465,124.288,126.963,74.457,63.152,56.465,56.955,56.465,52.624,55.853,63.677,55.956,55.757,53.7,54.826,55.021,63.377,4.562,40.025,48.038,15.225,47.917,53.462,43.882,48.463,27.659,28.795,40.217,38.231,45.484,13.222,32.059,6.683,22.374,67.381,58.724,40.122,43.045,45.662,41.182,42.03,42.511,67.147,41.934,33.738,119.246,119.246,49.46,48.436,69.459,61.25,51.92,39.413,119.925,33.97,26.123,50.098,46.358,44.905,87.644,109.813,106.851,116.118,22.521,5.32,13.222,20.951,23.782,32.158,38.15,23.363,22.063,31.913,41.962,23.943,18.435,58.744,19.63,128.95,61.547,21.599,23.786,50.142,40.324,108.2,28.687,21.217,27.963,45.142,84.924,38.782,25.894,30.733,37.088,60.043,57.112,47.341,34.852,18.435,66.194
68.968,19.274,69.759,19.274,38.256,19.848,5.043,21.639,26.444,15.131,7.437,10.621,9.903,7.659,9.409,24.518,12.785,11.679,2.812,21.228,34.139,35.722,0,4.178,21.929,28.322,24.762,15.842,25.566,16.92,33.311,18.459,19.405,7.969,10.437,21.547,18.883,17.296,10.454,12.049,20.808,25.315,17.792,11.299,90.877,96.374,99.113,46.086,37.34,31.125,32.558,31.125,35.222,34.96,38.248,36.149,33.303,32.494,39.38,37.936,36.881,32.037,30.899,23.43,25.679,24.819,22.427,35.534,21.391,12.565,12.752,15.618,31.802,38.867,45.2,13.908,29.452,26.659,35.405,29.431,8.611,12.278,13.94,8.112,10.621,22.462,35.753,8.394,55.674,89.936,89.936,20.558,21.625,35.971,31.56,18.286,40.314,90.867,26.454,18.166,26.002,22.348,39.276,56.341,82.234,80.709,89.186,13.239,30.416,30.661,30.12,24.763,5.116,23.415,51.874,51.743,6.785,22.484,12.497,17.315,28.089,16.111,100.389,33.689,14.211,12.308,18.845,35.111,82.627,14.177,26.575,18.824,39.771,52.178,32.676,21.374,9.787,13.278,31.235,30.548,25.899,9.805,17.315,32.459
66.168,15.374,67.663,15.374,35.747,17.487,1.18,17.691,23.535,12.457,4.065,10.157,8.046,5.826,8.329,22.263,15.35,10.172,1.384,19.217,31.151,33.051,4.178,0,18.487,25.603,20.94,14.77,23.828,13.152,31.188,14.588,15.366,4.863,12.187,21.635,22.208,20.427,8.791,13.706,19.243,21.147,14.973,7.199,90.699,96.286,99.021,45.765,36.266,29.777,31.048,29.777,32.583,32.858,37.111,33.903,31.429,30.365,36.603,35.336,35.953,29.125,27.199,27.257,24.523,28.538,22.431,31.921,20.066,8.42,8.575,13.154,27.944,35.21,43.316,9.959,27.063,22.541,39.523,33.599,7.992,11.642,13.875,8.457,10.157,19.634,39.899,9.096,51.597,90.139,90.139,19.743,20.24,39.946,35.737,22.366,41.908,91.014,22.483,18.8,29.843,26.085,35.561,60.447,82.016,80.188,88.865,11.095,27.733,29.416,29.933,20.613,1.015,19.892,48.121,48.069,2.628,19.56,9.213,14.681,28.112,13.779,100.455,33.021,12.134,9.268,18.825,31.27,82.005,15.287,22.495,14.656,36.049,53.199,28.824,17.199,5.634,16.413,35.398,29.469,23.528,12.654,14.681,36.416
67.851,17.553,73.012,17.553,41.308,27.382,17.326,17.892,29.274,23.222,14.556,15.548,13.155,14.803,14.679,31.26,33.763,12.783,19.48,9.313,34.811,38.154,21.929,18.487,0,31.813,4.786,13.132,12.702,18.086,39.106,5.395,6.981,13.96,30.317,19.859,40.668,38.913,23.762,31.701,31.225,14.553,5.626,12.273,80.316,86.146,88.816,36.774,25.166,18.652,18.917,18.652,15.589,17.862,25.618,18.22,17.605,15.601,19.009,18.302,25.533,33.592,9.307,45.303,36.732,46.74,19.942,13.678,12.97,14.113,12.792,8.165,10.938,17.054,50.953,9.273,34.51,17.28,53.817,49.938,15.8,14.832,16.603,17.665,15.548,4.683,54.596,18.368,42.5,81.282,81.282,15.17,12.748,52.764,51.736,37.169,58.994,81.912,7.644,35.371,47.857,44.267,17.577,74.044,71.673,68.721,77.967,24.049,33.68,40.727,44.06,15.19,18.049,1.624,43.698,44.448,16.232,4.041,19.72,24.592,23.643,25.085,90.847,24.272,24.822,20.623,18.109,13.964,70.12,32.719,18.187,10.319,18.081,49.441,11.716,12.31,13.885,34.895,51.818,19.659,9.268,31.138,24.592,49.27
40.648,14.32,42.516,14.32,10.256,8.663,25.854,14.052,2.541,13.218,26.874,34.648,31.316,29.962,32.534,4.984,27.834,33.316,26.595,38.834,6.261,7.448,28.322,25.603,31.813,0,29.795,37.616,43.401,14.537,7.395,26.668,24.833,27.602,24.557,45.598,34.839,32.677,18.09,24.286,10.23,19.616,33.045,23.708,111.932,117.724,120.415,67.623,56.5,49.764,50.366,49.764,46.803,49.66,57.077,49.905,49.369,47.414,49.356,49.318,56.652,4.044,34.845,42.038,11.204,42.125,46.212,39.081,41.447,20.428,21.622,33.166,33.386,41.08,19.197,25.036,3.04,17.606,60.674,52.327,32.716,35.7,38.304,33.748,34.648,35.974,60.53,34.496,35.881,112.474,112.474,42.318,41.441,62.52,54.83,44.854,37.582,113.189,28.546,20.473,44.242,40.375,40.652,81.164,103.254,100.484,109.672,15.174,2.139,11.873,18.795,18.483,24.711,31.998,27.417,26.552,24.486,35.462,16.505,11.012,51.566,12.283,122.304,54.655,14.291,16.339,42.847,35.861,101.921,22.381,16.449,21.498,40.951,77.666,34.04,19.849,23.402,30.616,53.736,50.294,40.84,28.066,11.012,59.201
64.134,16.062,69.938,16.062,38.758,26.597,19.852,15.764,27.295,23.08,17.343,19.769,16.97,18.269,18.628,29.97,35.773,16.979,22.106,13.994,32.059,35.6,24.762,20.94,4.786,29.795,0,17.829,16.932,17.264,37.185,6.36,6.297,16.93,32.087,24.639,43.048,41.164,24.673,33.342,30.735,11.05,10.236,13.984,83.249,89.113,91.755,40.468,28.692,22.472,22.462,22.472,17.045,20.416,29.025,20.388,20.681,18.441,19.633,19.524,29.209,31.074,6.438,48.165,36.044,49.477,24.706,11.302,17.682,14.817,13.705,12.628,7.049,14.427,48.659,11.016,32.657,13.738,57.901,53.542,19.712,19.238,21.182,21.621,19.769,9.104,58.609,22.386,37.739,84.576,84.576,19.938,17.443,57.069,55.443,41.036,59.68,85.149,2.873,36.191,50.745,47.021,14.674,78.31,74.666,71.428,80.775,24.384,31.503,39.642,43.739,11.921,20.317,3.557,39.315,40.158,18.439,8.441,20.048,24.072,28.245,24.878,93.925,28.33,25.008,21.005,22.888,10.349,72.694,34.009,14.778,9.144,15.153,53.782,7.919,9.965,15.673,37.206,55.407,23.707,13.044,33.374,24.072,53.552
76.853,24.146,80.117,24.146,47.83,30.681,13.817,25.649,35.207,25.603,11.514,5.321,6.836,8.947,6.536,35.351,28.549,4.653,14.825,6.524,42.162,44.84,15.842,14.77,13.132,37.616,17.829,0,9.996,23.18,44.164,14.2,16.455,10.631,26.224,8.116,33.792,32.54,23.271,27.828,33.312,25.202,7.608,13.909,76.027,81.654,84.385,31.091,21.575,15.284,16.741,15.284,20.972,19.632,22.456,21.021,17.723,17.267,25.338,23.483,21.206,40.457,21.826,36.759,38.809,38.506,8.635,25.338,5.572,17.193,16.049,5.545,23.877,28.672,56.435,13.086,39.702,27.671,41.7,39.119,7.232,3.68,3.823,8.107,5.321,10.349,42.644,8.283,55.113,75.709,75.709,5.003,5.832,40.154,40.608,25.911,56.144,76.539,20.595,33.49,39.14,36.084,29.453,61.445,67.334,65.425,74.141,25.051,39.721,43.549,44.654,25.384,15.111,14.659,54.943,55.411,14.25,10.79,21.731,27.659,13.978,27.292,85.911,18.261,26.071,22.263,5.591,26.638,67.236,29.765,28.247,18.647,29.954,40.087,24.585,21.664,14.346,28.653,41.007,14.769,11.553,25.507,27.659,36.729
80.51,29.137,85.295,29.137,53.274,37.683,22.737,29.949,40.877,32.885,20.024,15.284,15.859,18.157,16.16,42.054,38.346,13.903,24.167,4.778,47.002,50.153,25.566,23.828,12.702,43.401,16.932,9.996,0,28.994,50.464,16.978,19.117,19.13,35.776,10.766,43.781,42.499,31.658,37.357,40.937,27.243,10.416,20.679,68.605,74.368,77.069,24.321,13.156,6.39,7.315,6.39,11.787,9.657,13.822,11.12,7.753,7.362,16.121,14,13.25,45.61,17.835,46.675,46.534,48.45,10.299,19.669,4.653,23.647,22.295,11.03,20.482,22.595,62.587,18.575,45.873,29.964,49.863,48.343,17.033,13.668,13.255,18.088,15.284,8.019,50.977,18.278,54.124,69.1,69.1,6.905,4.31,47.608,49.637,35.102,65.678,69.797,19.705,42.588,49.021,46.041,23.61,68.658,59.911,57.416,66.449,32.915,45.39,50.998,53.06,27.836,23.936,13.431,56.244,57.062,22.655,8.663,29.013,34.688,11.859,34.71,78.907,11.592,33.868,29.738,10.823,22.298,59.028,39.102,30.842,22.255,24.066,36.85,20.913,24.711,21.732,38.582,50.215,7.013,4.294,35.336,34.688,44.373
53.995,2.629,56.959,2.629,24.679,9.371,12.945,5.022,12.07,6.226,13.099,20.68,17.166,16.156,18.566,13.213,22.663,19.04,14.446,24.362,19.046,21.665,16.92,13.152,18.086,14.537,17.264,23.18,28.994,0,21.472,12.715,11.317,13.683,18.664,31.235,30.499,28.335,9.975,19.391,13.474,10.75,18.59,9.314,97.595,103.362,106.063,53.129,42.138,35.379,36.08,35.379,33.594,35.849,42.757,36.293,35.309,33.499,36.683,36.254,42.232,17.284,23.315,36.962,18.809,37.744,31.808,28.071,26.911,6.046,7.132,18.629,22.71,30.769,33.64,10.509,16.887,10.932,52.071,45.224,18.94,21.549,24.193,20.27,20.68,21.853,52.291,21.095,39.139,97.992,97.992,27.808,26.907,52.871,47.541,35.108,43.002,98.724,17.023,20.129,39.493,35.493,30.681,73.007,88.903,86.295,95.405,8.275,16.605,22.647,26.484,9.752,12.139,18.613,34.982,34.918,11.217,21.399,5.029,6.83,37.082,7.84,107.887,40.145,8.528,5.773,28.53,25.806,87.812,19.068,10.463,8.133,31.088,63.268,23.53,8.138,9.332,24.919,46.909,35.825,26.711,21.284,6.83,49.369
36.564,21.56,36.49,21.56,6.107,13.717,31.626,21.43,9.892,18.825,33.038,40.783,37.636,36.07,38.7,8.936,30.112,39.718,31.999,45.831,8.534,5.752,33.311,31.188,39.106,7.395,37.185,44.164,50.464,21.472,0,33.896,32.129,33.83,27.513,52.003,36.16,34.149,22.859,26.831,12.828,26.963,40.063,30.343,119.058,124.83,127.53,74.576,63.602,56.847,57.515,56.847,54.181,56.966,64.208,57.245,56.612,54.695,56.751,56.705,63.705,7.638,42.221,43.334,10.136,43.069,52.67,46.411,48.282,27.113,28.385,39.998,40.715,48.333,12.272,31.955,4.605,24.86,63.249,54.296,38.75,41.965,44.507,39.578,40.783,43.181,62.912,40.264,39.373,119.44,119.44,48.984,48.299,65.637,56.832,48.394,33.675,120.183,35.935,21.443,45.281,41.652,47.867,83.213,110.369,107.695,116.843,20.167,5.941,7.491,15.215,25.843,30.391,39.339,29.111,27.786,30.478,42.686,22.546,16.645,58.141,17.409,129.358,61.578,19.153,22.166,49.212,43.118,109.166,24.47,23.693,28.788,48.151,84.027,41.351,27.231,29.823,32.893,55.526,57.291,48.051,31.056,16.645,62.471
63.77,12.35,68.319,12.35,36.366,21.989,13.511,12.98,24.128,17.857,11.083,14.698,11.443,12.359,13.195,25.913,29.454,11.999,15.773,12.75,30.029,33.23,18.459,14.588,5.395,26.668,6.36,14.2,16.978,12.715,33.896,0,2.304,10.749,25.814,21.983,36.691,34.815,18.716,27.108,25.837,11.063,7.216,7.649,85.29,91.096,93.78,41.297,29.922,23.243,23.736,23.243,20.977,23.15,30.457,23.579,22.716,20.827,24.303,23.679,30.16,28.676,12.715,41.831,31.338,43.127,22.283,17.531,15.992,8.902,7.651,8.661,13.358,20.738,45.855,4.657,29.292,13.632,52.238,47.474,14.194,14.56,16.894,16.1,14.698,9.31,52.865,16.924,41.107,86.025,86.025,17.653,15.873,51.719,49.438,35.206,53.918,86.697,8.073,30.321,44.413,40.673,21.024,72.849,76.622,73.818,83.007,18.787,28.591,35.343,38.698,11.368,13.957,6.168,40.817,41.359,12.079,8.795,14.436,19.198,26.776,19.716,95.728,28.503,19.524,15.359,19.731,16.682,75.271,27.902,14.33,5.28,21.506,53.001,14.238,7.872,9.338,30.851,49.325,23.98,14.173,27.022,19.198,48.176
61.522,10.586,66.224,10.586,34.38,20.685,14.372,10.953,22.293,16.89,12.23,16.66,13.265,13.915,15.032,24.383,29.74,14.028,16.637,14.992,27.957,31.233,19.405,15.366,6.981,24.833,6.297,16.455,19.117,11.317,32.129,2.304,0,12.042,25.975,24.278,37.167,35.22,18.389,27.18,24.697,8.769,9.515,8.182,87.236,93.056,95.733,43.413,31.953,25.32,25.734,25.32,22.303,24.837,32.455,25.149,24.562,22.581,25.376,24.946,32.236,26.672,12.704,42.583,30.109,43.796,24.584,17.573,18.279,8.554,7.514,10.928,12.864,20.621,43.979,5.557,27.535,11.327,53.768,48.686,15.974,16.64,19.039,17.855,16.66,11.294,54.342,18.7,39.01,88.08,88.08,19.957,18.155,53.417,50.712,36.656,53.391,88.735,7.181,29.894,45.172,41.363,20.778,74.471,78.581,75.685,84.913,18.104,26.705,33.936,37.659,9.064,14.623,7.314,38.526,39.058,12.764,10.733,13.759,18.022,29.072,18.715,97.724,30.678,18.751,14.714,22.004,16.19,77.096,27.758,12.031,3.342,21.241,55.282,13.746,5.619,9.828,31.315,50.52,26.129,16.109,27.466,18.022,49.867
67.652,15.309,70.074,15.309,37.857,20.204,3.7,17.322,25.306,15.088,0.903,7.055,3.843,2.487,4.936,24.937,20.147,6.003,5.608,14.453,32.63,34.976,7.969,4.863,13.96,27.602,16.93,10.631,19.13,13.683,33.83,10.749,12.042,0,17.05,18.195,26.761,25.072,12.708,18.568,22.687,19.258,10.122,4.892,86.63,92.27,95,41.705,31.8,25.209,26.403,25.209,27.728,28.03,32.609,29.052,26.656,25.535,31.769,30.477,31.566,30.761,22.966,31.377,28.177,32.787,18.894,27.572,15.606,7.758,7.105,8.313,23.978,30.913,46.088,6.515,29.463,21.128,41.759,36.729,5.26,8.137,10.709,6.726,7.055,14.793,42.309,7.586,50.109,86.336,86.336,15.623,15.743,41.588,38.712,24.621,46.725,87.169,18.821,23.464,33.941,30.315,31.343,62.524,77.932,75.92,84.707,14.421,29.735,32.927,34.153,18.976,4.819,15.447,47.826,47.985,3.633,14.741,11.285,17.209,24.467,16.721,96.541,28.811,15.444,11.729,15.391,27.263,77.678,20.09,21.332,12.302,31.839,50.198,24.845,15.245,4.355,21.043,38.578,25.042,18.674,17.365,17.209,38.034
64.067,21.283,63.002,21.283,33.239,16.151,13.357,23.613,23.465,13.573,16.241,21.051,19.927,17.625,19.718,19.802,4,21.891,11.635,31.276,30.813,31.302,10.437,12.187,30.317,24.557,32.087,26.224,35.776,18.664,27.513,25.814,25.975,17.05,0,31.87,11.835,9.678,8.695,1.612,14.83,29.172,27.153,18.187,101.143,106.596,109.336,56.446,47.763,41.49,42.876,41.49,44.764,44.979,48.664,46.062,43.461,42.492,48.753,47.518,47.316,28.595,38.508,18.476,18.191,19.12,32.768,43.342,31.738,17.534,18.463,25.317,38.837,46.514,38.37,21.226,24.625,29.595,36.127,27.899,19.003,22.702,24.353,18.533,21.051,31.801,35.973,18.754,57.108,100.003,100.003,30.989,31.956,38.187,30.372,20.909,29.93,100.967,33.102,8.287,20.951,16.939,46.731,56.634,92.523,91.095,99.51,10.982,26.369,23.023,20.739,28.282,12.388,31.605,51.051,50.505,14.122,31.704,13.73,14.991,38.392,13.261,110.528,44.121,11.351,12.903,29.216,42.16,93.033,4.049,29.102,24.177,47.199,61.686,39.72,25.811,16.512,6.412,29.398,40.966,35.7,3.556,14.991,34.976
84.968,32.257,88.114,32.257,55.836,38.399,20.874,33.76,43.218,33.281,19.017,11.484,14.37,16.091,13.442,43.127,33.48,12.296,21.335,10.893,50.249,52.872,21.547,21.635,19.859,45.598,24.639,8.116,10.766,31.235,52.003,21.983,24.278,18.195,31.87,0,37.407,36.553,30.405,33.475,40.735,33.045,14.919,21.93,69.331,74.842,77.581,24.581,17.174,12.594,14.434,12.594,22.378,19.159,18.202,20.878,16.693,17.368,26.605,24.329,16.371,48.519,27.378,38.959,46.119,40.885,0.95,29.973,7.287,25.215,24.114,13.406,29.788,33.069,64.269,21.2,47.595,35.584,39.506,38.911,13.643,10.105,7.765,13.498,11.484,15.909,40.707,13.153,62.348,68.534,68.534,4.748,7.617,36.986,39.952,25.875,61.357,69.43,27.503,39.707,41.087,38.615,34.023,57.94,60.687,59.245,67.648,32.472,47.715,50.964,51.44,33.305,22.186,21.175,62.799,63.332,21.678,16.521,29.471,35.401,6.544,34.89,78.911,12.762,33.509,29.921,2.819,32.105,61.221,35.712,36.213,26.667,34.497,32.069,30.372,29.641,22.218,32.98,40.739,11.072,14.525,30.419,35.401,33.825
72.279,33.118,69.246,33.118,42.219,27.061,23.354,35.443,34.197,25.253,26.118,28.499,28.662,26.491,27.861,29.87,7.838,30.208,21.19,39.76,41.038,40.822,18.883,22.208,40.668,34.839,43.048,33.792,43.781,30.499,36.16,36.691,37.167,26.761,11.835,37.407,0,2.217,20.529,11.266,24.621,40.964,36.673,29.08,105.02,110.203,112.928,61.422,54.398,48.755,50.362,48.755,54.009,53.376,55.387,54.679,51.515,50.959,58.213,56.695,53.708,38.849,49.375,7.219,26.055,7.404,38.356,54.123,39.311,28.977,29.751,34.447,49.974,57.396,45.303,32.034,34.243,41.43,27.791,18.296,26.871,30.114,30.933,25.694,28.499,41.337,27.199,25.533,68.704,102.981,102.981,37.913,39.599,31.125,20.828,17.094,25.584,104.068,44.347,14.732,9.427,5.544,57.713,47.111,96.59,95.872,103.739,22.69,36.385,30.063,24.919,40.095,22.75,42.095,62.015,61.305,24.623,41.367,25.552,26.44,43.523,24.693,113.724,50.164,22.928,24.736,35.173,53.309,98.015,12.553,40.934,35.688,58.196,63.523,50.858,37.512,27.396,5.852,19.407,47.814,44.596,9.701,26.44,28.496
70.378,30.95,67.611,30.95,40.189,24.854,21.587,33.267,32.005,23.046,24.395,27.224,27.16,24.948,26.456,27.715,5.679,28.794,19.472,38.37,38.888,38.735,17.296,20.427,38.913,32.677,41.164,32.54,42.499,28.335,34.149,34.815,35.22,25.072,9.678,36.553,2.217,0,18.361,9.057,22.47,38.839,35.072,27.181,104.651,109.891,112.621,60.775,53.414,47.632,49.201,47.632,52.509,52.045,54.389,53.307,50.248,49.609,56.676,55.214,52.769,36.694,47.52,9.36,24.075,9.621,37.499,52.292,38.091,26.958,27.769,32.911,48.054,55.544,43.524,30.162,32.133,39.267,29.493,20.182,25.504,28.861,29.836,24.435,27.224,39.748,28.98,24.338,66.488,102.782,102.782,36.806,38.367,32.604,22.72,17.715,25.587,103.847,42.396,12.706,11.628,7.702,55.837,49.072,96.176,95.32,103.301,20.487,34.246,28.202,23.37,37.958,20.916,40.313,59.82,59.121,22.778,39.753,23.407,24.223,42.782,22.477,113.493,49.28,20.716,22.58,34.226,51.388,97.425,10.354,38.76,33.659,56.317,63.476,48.938,35.426,25.493,4.03,21.377,46.768,43.143,7.797,24.223,29.845
58.663,12.589,59.321,12.589,27.857,9.481,9.542,14.92,16.427,5.334,11.808,18.921,16.436,14.403,17.012,14.081,12.691,18.619,9.333,26.903,24.109,25.409,10.454,8.791,23.762,18.09,24.673,23.271,31.658,9.975,22.859,18.716,18.389,12.708,8.695,30.405,20.529,18.361,0,9.444,10.512,20.572,21.838,11.604,99.298,104.918,107.651,54.36,44.483,37.848,38.968,37.848,39.035,40.11,45.275,40.944,38.977,37.626,42.718,41.798,44.27,21.946,31.094,27.087,15.732,27.802,31.187,35.962,28.308,9.865,11.065,20.642,31.086,38.983,34.805,14.507,19.035,20.906,43.403,35.886,16.766,20.355,22.655,17.209,18.921,26.192,43.45,17.795,48.615,98.865,98.865,28.274,28.437,44.801,38.285,27,35.234,99.725,25.284,11.614,29.594,25.585,39.083,64.215,90.605,88.628,97.401,2.935,20.14,20.633,21.452,19.646,8.229,24.824,43.195,42.818,9.081,25.949,5.126,7.267,36.855,5.811,109.139,41.506,3.81,4.242,27.59,34.359,90.383,9.464,20.407,16.113,39.531,61.962,31.956,17.386,10.171,15.01,37.495,37.741,30.639,11.502,7.267,41.403
63.393,21.986,62.017,21.986,32.656,16.076,14.869,24.271,23.349,13.989,17.746,22.661,21.502,19.202,21.317,19.435,3.597,23.48,13.201,32.841,30.546,30.84,12.049,13.706,31.701,24.286,33.342,27.828,37.357,19.391,26.831,27.108,27.18,18.568,1.612,33.475,11.266,9.057,9.444,0,14.329,30.014,28.651,19.512,102.738,108.186,110.926,58.052,49.372,43.09,44.469,43.09,46.257,46.533,50.271,47.602,45.033,44.044,50.222,49.015,48.927,28.33,39.774,18.17,17.275,18.648,34.374,44.62,33.337,18.681,19.668,26.853,40.031,47.765,37.431,22.555,24.158,30.309,36.543,28.043,20.609,24.311,25.964,20.145,22.661,33.286,36.315,20.364,57.457,101.574,101.574,32.599,33.552,38.806,30.544,21.771,28.335,102.542,34.27,6.886,20.575,16.578,47.956,56.889,94.121,92.703,101.111,11.433,26.023,22.016,19.365,29.089,13.861,32.962,51.074,50.464,15.557,33.177,14.559,15.21,39.995,13.464,112.107,45.733,11.665,13.686,30.825,43.344,94.643,2.677,29.765,25.26,48.42,63.195,40.911,26.763,17.85,6.338,29.475,42.573,37.233,4.409,15.21,35.658
